7001454
7026903
7043073
7059243
7075413
7091583
7107753
7123923
7140093
7156263
7163963
7171663
7175403
7179143
7182883
7186623
7190363
7194103
7197843
7201583
7205323
7209063
7212803
7212803
7212803
7212803
7212803
7212803
7212803
7212803
7212803
7212803
7212803
7212803
7212803
7212803
7212803
7212803
7212803
7212803
7212803
7212803
7212803
7212803
7212803
7212803
7212803
7212803
7212803
7212803
7212803
7212803
7212803
7212803
7212803
7212803
7212803
7212803
7212803
7212803
7221273
7229743
7238213
7246683
7255153
7263623
7272093
7280563
7289033
7297503
7305973
7314443
7322913
7331383
7339853
7348323
7348323
7358192
7368070
7377955
7387848
7397749
7407658
7417574
7427499
7437431
7437431
7437431
7437431
7437431
7437431
7437431
7437431
7437431
7441391
7445351
7449311
7453271
7457231
7461191
7465151
7469111
7473071
7477031
7480991
7484951
7488911
7492871
7496831
7500791
7504751
7512451
7520151
7527851
7535551
7543251
7546991
7550731
7554471
7558211
7561951
7565691
7569431
7573171
7576911
7580651
7584391
7588131
7591871
7595611
7599351
7603091
7606831
7610571
7614311
7614311
7622781
7631251
7639721
7648191
7656661
7665131
7673601
7682071
7690541
7699011
7707481
7715951
7724421
7732891
7741361
7741361
7741361
7751821
7762290
7772766
7783250
7793742
7804241
7814749
7825264
7835786
7835786
7835786
7835786
7835786
7835786
7835786
7835786
7835786
7839746
7843706
7847666
7851626
7855586
7859546
7863506
7867466
7871426
7875386
7879346
7883306
7887266
7891226
7895186
7899146
7903106
7910806
7918506
7926206
7933906
7941606
7945346
7949086
7952826
7956566
7960306
7964046
7967786
7971526
7975266
7979006
7982746
7986486
7990226
7993966
7997706
8001446
8005186
8008926
8008926
8008926
8017396
8025866
8034336
8042806
8051276
8059746
8068216
8076686
8085156
8093626
8102096
8110566
8119036
8127506
8135976
8144446
8144446
8155498
8166557
8177624
8188699
8199782
8210872
8221971
8233077
8233077
8233077
8233077
8233077
8233077
8233077
8233077
8233077
8233077
8237037
8240997
8244957
8248917
8252877
8256837
8260797
8264757
8268717
8272677
8276637
8280597
8284557
8288517
8292477
8296437
8300397
8308097
8315797
8323497
8331197
8338897
8346597
8350337
8354077
8357817
8361557
8365297
8369037
8372777
8376517
8380257
8383997
8387737
8391477
8395217
8398957
8402697
8406437
8410177
8413917
8413917
8422387
8430857
8439327
8447797
8456267
8464737
8473207
8481677
8490147
8498617
8507087
8515557
8524027
8532497
8540967
8540967
8540967
8552609
8564259
8575917
8587583
8599257
8610938
8622627
8622627
8622627
8622627
8622627
8622627
8622627
8622627
8622627
8622627
8622627
8626587
8630547
8634507
8638467
8642427
8646387
8650347
8654307
8658267
8662227
8666187
8670147
8674107
8678067
8682027
8685987
8689947
8697647
8705347
8713047
8720747
8728447
8732187
8735927
8739667
8743407
8747147
8750887
8754627
8758367
8762107
8765847
8769587
8773327
8777067
8780807
8784547
8788287
8792027
8795767
8795767
8795767
8804237
8812707
8821177
8829647
8838117
8846587
8855057
8863527
8871997
8880467
8888937
8897407
8905877
8914347
8922817
8931287
8931287
8943520
8955761
8968010
8980267
8992531
9004804
9017084
9017084
9017084
9017084
9017084
9017084
9017084
9017084
9017084
9017084
9017084
9021044
9025004
9028964
9032924
9036884
9040844
9044804
9048764
9052724
9056684
9060644
9064604
9068564
9072524
9076484
9080444
9084404
9092104
9099804
9107504
9115204
9122904
9126644
9130384
9134124
9137864
9141604
9145344
9149084
9152824
9156564
9160304
9164044
9167784
9171524
9175264
9179004
9182744
9186484
9190224
9193964
9193964
9202434
9210904
9219374
9227844
9236314
9244784
9253254
9261724
9270194
9278664
6537134
6545604
6554074
6562544
6571014
6579484
6579484
6592308
6605140
6617980
6630827
6643682
6656546
6669416
6669416
6669416
6669416
6669416
6669416
6669416
6669416
6669416
6669416
6669416
6673376
6677336
6681296
6685256
6689216
6693176
6697136
6701096
6705056
6709016
6712976
6716936
6720896
6724856
6728816
6732776
6736736
6744436
6752136
6759836
6767536
6775236
6778976
6782716
6786456
6790196
6793936
6797676
6801416
6805156
6808896
6812636
6816376
6820116
6823856
6836066
6848276
6860486
6872696
6884906
6893376
6901846
6910316
6918786
6927256
6935726
6944196
6965988
6987788
7009595
7022940
7036293
7049654
7063022
7063022
7063022
7063022
7063022
7063022
7066982
7070942
7074902
7078862
7082822
7086782
7090742
7094702
7098662
7102622
7106582
7110542
7118242
7125942
7133642
7141342
7149042
7156742
7164442
7172142
7179842
7187542
7191282
7195022
7198762
7202502
7206242
7209982
7213722
7217462
7229672
7241882
7254092
7266302
7278512
7290722
7299192
7307662
7316132
7324602
7333072
7341542
7363754
7385973
7408201
7430435
7444208
7457989
7457989
7457989
7457989
7457989
7457989
7457989
7461949
7465909
7469869
7473829
7477789
7481749
7485709
7489669
7493629
7497589
7501549
7505509
7513209
7520909
7528609
7536309
7544009
7551709
7559409
7567109
7574809
7582509
7590209
7593949
7597689
7601429
7605169
7608909
7612649
7616389
7628599
7640809
7653019
7665229
7677439
7685909
7694379
7702849
7711319
7719789
7728259
7736729
7759360
7781999
7804646
7818831
7833024
7847224
7847224
7847224
7847224
7847224
7847224
7847224
7851184
7855144
7859104
7863064
7867024
7870984
7874944
7878904
7882864
7886824
7890784
7894744
7902444
7910144
7917844
7925544
7933244
7940944
7948644
7956344
7964044
7971744
7975484
7979224
7982964
7986704
7990444
7994184
7997924
8001664
8013874
8026084
8038294
8050504
8062714
8074924
8083394
8091864
8100334
8108804
8117274
8125744
8148796
8171855
8194921
8217996
8232609
8247229
8247229
8247229
8247229
8247229
8247229
8247229
8251189
8255149
8259109
8263069
8267029
8270989
8274949
8278909
8282869
8286829
8290789
8294749
8302449
8310149
8317849
8325549
8333249
8340949
8348649
8356349
8364049
8371749
8375489
8379229
8382969
8386709
8390449
8394189
8397929
8401669
8413879
8426089
8438299
8450509
8462719
8471189
8479659
8488129
8496599
8505069
8513539
8522009
8545480
8568959
8592446
8607470
8622502
8637542
8637542
8637542
8637542
8637542
8637542
8637542
8641502
8645462
8649422
8653382
8657342
8661302
8665262
8669222
8673182
8677142
8681102
8685062
8692762
8700462
8708162
8715862
8723562
8731262
8738962
8746662
8754362
8762062
8765802
8769542
8773282
8777022
8780762
8784502
8788242
8791982
8804192
8816402
8828612
8840822
8853032
8865242
8873712
8882182
8890652
8899122
8907592
8916062
8939953
8963852
8987759
9011673
9027125
9042585
9042585
9042585
9042585
9042585
9042585
9042585
9046545
9050505
9054465
9058425
9062385
9066345
9070305
9074265
9078225
9082185
9086145
9090105
9097805
9105505
9113205
9120905
9128605
9136305
9144005
9151705
9159405
9167105
9174805
9178545
9182285
9186025
9189765
9193505
9197245
9200985
9213195
9225405
9237615
9249825
9262035
9270505
9278975
9287445
9295915
9304385
9312855
9321325
9345636
9369954
9394281
9418615
9434487
9434487
9434487
9434487
9434487
9434487
9434487
9434487
9438447
9442407
9446367
9450327
9454287
9458247
9462207
9466167
9470127
9474087
9478047
9482007
9489707
9497407
9505107
9512807
9520507
9528207
9535907
9543607
9551307
9559007
9562747
9566487
9570227
9573967
9577707
9581447
9585187
9588927
9601137
9613347
9625557
9637767
9649977
9662187
9670657
9679127
9687597
9696067
9704537
9713007
9737738
9762476
9787222
9803506
9819798
9836098
9836098
9836098
9836098
9836098
9836098
9836098
9840058
9844018
9847978
9851938
9855898
9859858
9863818
9867778
9871738
9875698
9879658
9883618
9891318
9899018
9906718
9914418
9922118
9929818
9937518
9945218
9952918
9960618
9964358
9968098
9971838
9975578
9979318
9983058
9986798
9990538
10002748
10014958
10027168
10039378
10051588
10060058
10068528
10076998
10085468
10093938
10102408
10110878
10136028
10161186
10186352
10211526
10228238
10228238
10228238
10228238
10228238
10228238
10228238
10228238
10232198
10236158
10240118
10244078
10248038
10251998
10255958
10259918
10263878
10267838
10271798
10275758
10283458
10291158
10298858
10306558
10314258
10321958
10329658
10337358
10345058
10352758
10356498
10360238
10363978
10367718
10371458
10375198
10378938
10382678
10394888
10407098
10419308
10431518
10443728
10455938
10464408
10472878
10481348
10489818
10498288
10506758
10532328
10557906
10583492
10600616
10617747
10617747
10617747
10617747
10617747
10617747
10617747
10617747
10621707
10625667
10629627
10633587
10637547
10641507
10645467
10649427
10653387
10657347
10661307
10665267
10672967
10680667
10688367
10696067
10703767
10711467
10719167
10726867
10734567
10742267
10746007
10749747
10753487
10757227
10760967
10764707
10768447
10772187
10784397
10796607
10808817
10821027
10833237
10845447
10853917
10862387
10870857
10879327
10887797
10896267
10922258
10948256
10974261
11000275
11017826
11017826
11017826
11017826
11017826
11017826
11017826
11017826
11021786
11025746
11029706
11033666
11037626
11041586
11045546
11049506
11053466
11057426
11061386
11065346
11073046
11080746
11088446
11096146
11103846
11111546
11119246
11126946
11134646
11142346
11150046
11153786
11157526
11161266
11165006
11168746
11172486
11176226
11188436
11200646
11212856
11225066
11237276
11245746
11254216
11262686
11271156
11279626
11288096
11296566
11322976
11349394
11375819
11402253
11420224
11420224
11420224
11420224
11420224
11420224
11420224
11420224
11424184
11428144
11432104
11436064
11440024
11443984
11447944
11451904
11455864
11459824
11463784
11467744
11475444
11483144
11490844
11498544
11506244
11513944
11521644
11529344
11537044
11544744
11548484
11552224
11555964
11559704
11563444
11567184
11570924
11574664
11586874
11599084
11611294
11623504
11635714
11647924
11656394
11664864
11673334
11681804
11690274
11698744
11725574
11752411
11779257
11797640
11816031
11816031
11816031
11816031
11816031
11816031
11816031
11816031
11819991
11823951
11827911
11831871
11835831
11839791
11843751
11847711
11851671
11855631
11859591
11863551
11871251
11878951
11886651
11894351
11902051
11909751
11917451
11925151
11932851
11940551
11944291
11948031
11951771
11955511
11959251
11962991
11966731
11970471
11982681
11994891
12007101
12019311
12031521
12039991
12048461
12056931
12065401
12073871
12082341
12090811
12118061
12145318
12172584
12199857
12199857
12199857
12199857
12199857
12199857
12199857
12199857
12199857
12203817
12207777
12211737
12215697
12219657
12223617
12227577
12231537
12235497
12239457
12243417
12247377
12255077
12262777
12270477
12278177
12285877
12293577
12301277
12308977
12316677
12324377
12328117
12331857
12335597
12339337
12343077
12346817
12350557
12354297
12366507
12378717
12390927
12403137
12415347
12427557
12436027
12444497
12452967
12461437
12469907
12478377
12506046
12533723
12561409
12580631
12599862
12599862
12599862
12599862
12599862
12599862
12599862
12599862
12603822
12607782
12611742
12615702
12619662
12623622
12627582
12631542
12635502
12639462
12643422
12647382
12655082
12662782
12670482
12678182
12685882
12693582
12701282
12708982
12716682
12724382
12732082
12735822
12739562
12743302
12747042
12750782
12754522
12758262
12770472
12782682
12794892
12807102
12819312
12827782
12836252
12844722
12853192
12861662
12870132
12878602
12906691
12934789
12962894
12991006
12991006
12991006
12991006
12991006
12991006
12991006
12991006
12991006
12994966
12998926
13002886
13006846
13010806
13014766
13018726
13022686
13026646
13030606
13034566
13038526
13046226
13053926
13061626
13069326
13077026
13084726
13092426
13100126
13107826
13115526
13119266
13123006
13126746
13130486
13134226
13137966
13141706
13145446
13157656
13169866
13182076
13194286
13206496
13218706
13227176
13235646
13244116
13252586
13261056
13269526
13298035
13326553
13355077
13375140
13395210
13395210
13395210
13395210
13395210
13395210
13395210
13395210
13399170
13403130
13407090
13411050
13415010
13418970
13422930
13426890
13430850
13434810
13438770
13442730
13450430
13458130
13465830
13473530
13481230
13488930
13496630
13504330
13512030
13519730
13523470
13527210
13530950
13534690
13538430
13542170
13545910
13549650
13561860
13574070
13586280
13598490
13610700
13619170
13627640
13636110
13644580
13653050
13661520
13669990
13698919
13727856
13756801
13785753
13785753
13785753
13785753
13785753
13785753
13785753
13785753
13785753
13789713
13793673
13797633
13801593
13805553
13809513
13813473
13817433
13821393
13825353
13829313
13833273
13840973
13848673
13856373
13864073
13871773
13879473
13887173
13894873
13902573
13910273
13914013
13917753
13921493
13925233
13928973
13932713
13936453
13940193
13952403
13964613
13976823
13989033
14001243
14013453
14021923
14030393
14038863
14047333
14055803
14064273
14093622
14122979
14152343
14181715
14181715
14181715
14181715
14181715
14181715
14181715
14181715
14181715
14185675
14189635
14193595
14197555
14201515
14205475
14209435
14213395
14217355
14221315
14225275
14229235
14236935
14244635
14252335
14260035
14267735
14275435
14283135
14290835
14298535
14306235
14309975
14313715
14317455
14321195
14324935
14328675
14332415
14336155
14348365
14360575
14372785
14384995
14397205
14405675
14414145
14422615
14431085
14439555
14448025
14456495
14486264
14516041
14545825
14567147
14567147
14567147
14567147
14567147
14567147
14567147
14567147
14567147
14571107
14575067
14579027
14582987
14586947
14590907
14594867
14598827
14602787
14606747
14610707
14614667
14622367
14630067
14637767
14645467
14653167
14660867
14668567
14676267
14683967
14691667
14699367
14703107
14706847
14710587
14714327
14718067
14721807
14725547
14737757
14749967
14762177
14774387
14786597
14798807
14807277
14815747
14824217
14832687
14841157
14849627
14879816
14910012
14940216
14970428
14970428
14970428
14970428
14970428
14970428
14970428
14970428
14970428
14974388
14978348
14982308
14986268
14990228
14994188
14998148
15002108
15006068
15010028
15013988
15017948
15025648
15033348
15041048
15048748
15056448
15064148
15071848
15079548
15087248
15094948
15098688
15102428
15106168
15109908
15113648
15117388
15121128
15124868
15137078
15149288
15161498
15173708
15185918
15194388
15202858
15211328
15219798
15228268
15236738
15245208
15275816
15306433
15337057
15359218
15359218
15359218
15359218
15359218
15359218
15359218
15359218
15359218
15363178
15367138
15371098
15375058
15379018
15382978
15386938
15390898
15394858
15398818
15402778
15406738
15414438
15422138
15429838
15437538
15445238
15452938
15460638
15468338
15476038
15483738
15487478
15491218
15494958
15498698
15502438
15506178
15509918
15513658
15525868
15538078
15550288
15562498
15574708
15586918
15595388
15603858
15612328
15620798
15629268
15637738
15668767
15699803
15730846
15761898
15761898
15761898
15761898
15761898
15761898
15761898
15761898
15761898
15765858
15769818
15773778
15777738
15781698
15785658
15789618
15793578
15797538
15801498
15805458
15809418
15817118
15824818
15832518
15840218
15847918
15855618
15863318
15871018
15878718
15886418
15890158
15893898
15897638
15901378
15905118
15908858
15912598
15916338
15928548
15940758
15952968
15965178
15977388
15985858
15994328
16002798
16011268
16019738
16028208
16036678
16068126
16099582
16131046
16162517
16162517
16162517
16162517
16162517
16162517
16162517
16162517
16162517
16166477
16170437
16174397
16178357
16182317
16186277
16190237
16194197
16198157
16202117
16206077
16210037
16217737
16225437
16233137
16240837
16248537
16256237
16263937
16271637
16279337
16287037
16294737
16298477
16302217
16305957
16309697
16313437
16317177
16320917
16333127
16345337
16357547
16369757
16381967
16394177
16402647
16411117
16419587
16428057
16436527
16444997
16476865
16508741
16540624
16564045
16564045
16564045
16564045
16564045
16564045
16564045
16564045
16564045
16568005
16571965
16575925
16579885
16583845
16587805
16591765
16595725
16599685
16603645
16607605
16611565
16619265
16626965
16634665
16642365
16650065
16657765
16665465
16673165
16680865
16688565
16692305
16696045
16699785
16703525
16707265
16711005
16714745
16718485
16730695
16742905
16755115
16767325
16779535
16788005
16796475
16804945
16813415
16821885
16830355
16838825
16871113
16903409
16935712
16968023
16968023
16968023
16968023
16968023
16968023
16968023
16968023
16968023
16971983
16975943
16979903
16983863
16987823
16991783
16995743
16999703
17003663
17007623
17011583
17015543
17023243
17030943
17038643
17046343
17054043
17061743
17069443
17077143
17084843
17092543
17096283
17100023
17103763
17107503
17111243
17114983
17118723
17122463
17134673
17146883
17159093
17171303
17183513
17195723
17204193
17212663
17221133
17229603
17238073
17246543
17279251
17311966
17344689
17344689
17344689
17344689
17344689
17344689
17344689
17344689
17344689
17344689
17348649
17352609
17356569
17360529
17364489
17368449
17372409
17376369
17380329
17384289
17388249
17392209
17399909
17407609
17415309
17423009
17430709
17438409
17446109
17453809
17461509
17469209
17472949
17476689
17480429
17484169
17487909
17491649
17495389
17499129
17511339
17523549
17535759
17547969
17560179
17572389
17580859
17589329
17597799
17606269
17614739
17623209
17656337
17689472
17722615
17755766
17755766
17755766
17755766
17755766
17755766
17755766
17755766
17755766
17759726
17763686
17767646
17771606
17775566
17779526
17783486
17787446
17791406
17795366
17799326
17803286
17810986
17818686
17826386
17834086
17841786
17849486
17857186
17864886
17872586
17880286
17884026
17887766
17891506
17895246
17898986
17902726
17906466
17910206
17922416
17934626
17946836
17959046
17971256
17979726
17988196
17996666
18005136
18013606
18022076
18030546
18064093
18097648
18131211
18131211
18131211
18131211
18131211
18131211
18131211
18131211
18131211
18131211
18135171
18139131
18143091
18147051
18151011
18154971
18158931
18162891
18166851
18170811
18174771
18178731
18186431
18194131
18201831
18209531
18217231
18224931
18232631
18240331
18248031
18255731
18263431
18267171
18270911
18274651
18278391
18282131
18285871
18289611
18301821
18314031
18326241
18338451
18350661
18362871
18371341
18379811
18388281
18396751
18405221
18413691
18447658
18481633
18515616
18549606
18549606
18549606
18549606
18549606
18549606
18549606
18549606
18549606
18553566
18557526
18561486
18565446
18569406
18573366
18577326
18581286
18585246
18589206
18593166
18597126
18604826
18612526
18620226
18627926
18635626
18643326
18651026
18658726
18666426
18674126
18677866
18681606
18685346
18689086
18692826
18696566
18700306
18704046
18716256
18728466
18740676
18752886
18765096
18773566
18782036
18790506
18798976
18807446
18815916
18824386
18858773
18893168
18927571
18936041
18936041
18936041
18936041
18936041
18936041
18936041
18936041
18936041
18940001
18943961
18947921
18951881
18955841
18959801
18963761
18967721
18971681
18975641
18979601
18983561
18991261
18998961
19006661
19014361
19022061
19029761
19037461
19045161
19052861
19060561
19064301
19068041
19071781
19075521
19079261
19083001
19086741
19090481
19102691
19114901
19127111
19139321
19151531
19163741
19172211
19180681
19189151
19197621
19206091
19214561
19249367
19284182
19319004
19319004
19319004
19319004
19319004
19319004
19319004
19319004
19319004
19319004
19322964
19326924
19330884
19334844
19338804
19342764
19346724
19350684
19354644
19358604
19362564
19366524
19374224
19381924
19389624
19397324
19405024
19412724
19420424
19428124
19435824
19443524
19447264
19451004
19454744
19458484
19462224
19465964
19469704
19473444
19485654
19497864
19510074
19522284
19534494
19542964
19551434
19559904
19568374
19576844
19585314
19593784
19629011
19664245
19699488
19734738
19734738
19734738
19734738
19734738
19734738
19734738
19734738
19734738
19738698
19742658
19746618
19750578
19754538
19758498
19762458
19766418
19770378
19774338
19778298
19782258
19789958
19797658
19805358
19813058
19820758
19828458
19836158
19843858
19851558
19859258
19866958
19870698
19874438
19878178
19881918
19885658
19889398
19893138
19905348
19917558
19929768
19941978
19954188
19966398
19974868
19983338
19991808
20000278
20008748
20017218
20052864
20088518
20124180
20124180
20124180
20124180
20124180
20124180
20124180
20124180
20124180
20124180
20128140
20132100
20136060
20140020
20143980
20147940
20151900
20155860
20159820
20163780
20167740
20171700
20179400
20187100
20194800
20202500
20210200
20217900
20225600
20233300
20241000
20248700
20252440
20256180
20259920
20263660
20267400
20271140
20274880
20278620
20290830
20303040
20315250
20327460
20339670
20348140
20356610
20365080
20373550
20382020
20390490
20398960
20435027
20471101
20507183
20515653
20515653
20515653
20515653
20515653
20515653
20515653
20515653
20515653
20519613
20523573
20527533
20531493
20535453
20539413
20543373
20547333
20551293
20555253
20559213
20563173
20570873
20578573
20586273
20593973
20601673
20609373
20617073
20624773
20632473
20640173
20643913
20647653
20651393
20655133
20658873
20662613
20666353
20670093
20682303
20694513
20706723
20718933
20731143
20743353
20751823
20760293
20768763
20777233
20785703
20794173
20830659
20867153
20903655
20912125
20912125
20912125
20912125
20912125
20912125

